n = 500000
0.003131
0.003274
0.002641
0.002070
0.001880
0.002208
0.002235
0.002047
0.001765
0.001633
0.001801
0.001729
0.002251
0.002652
0.001792
0.002503
0.002281
0.002038
0.002495
0.002802
0.001890
0.002674
0.002140
0.001776
0.002529
0.002796
0.001857
0.002263
0.002406
0.001693
-------------------------------
n = 1000000
0.005332
0.003673
0.004542
0.003706
0.004898
0.004840
0.004134
0.004293
0.003886
0.004650
0.004093
0.004475
0.003677
0.003875
0.003855
0.004112
0.006427
0.004947
0.004894
0.006211
0.004105
0.003700
0.005125
0.005090
0.005009
0.003544
0.005912
0.004624
0.004272
0.004484
-------------------------------
n = 2000000
0.010454
0.011973
0.013272
0.012110
0.009566
0.011496
0.014253
0.010851
0.013569
0.011435
0.009317
0.014914
0.012359
0.012190
0.016737
0.012902
0.013243
0.010596
0.011593
0.014468
0.012663
0.012146
0.014123
0.011287
0.010722
0.012386
0.011768
0.010620
0.011934
0.010580
-------------------------------
n = 4000000
0.033964
0.032244
0.026908
0.032404
0.027920
0.037099
0.030373
0.035975
0.032412
0.029107
0.034295
0.030345
0.029910
0.028509
0.031994
0.028983
0.033821
0.030962
0.028553
0.032479
0.027457
0.039401
0.034329
0.029250
0.031057
0.031722
0.031160
0.031240
0.029443
0.034722
-------------------------------
