n = 500000
0.001665
0.003583
0.001679
0.001526
0.001627
0.002606
0.002318
0.002456
0.001867
0.001601
0.001863
0.002147
0.002244
0.001983
0.002630
0.002480
0.001499
0.001837
0.002022
0.001499
0.002441
0.002400
0.001476
0.001941
0.002957
0.001661
0.001733
0.002242
0.003094
0.001766
-------------------------------
n = 1000000
0.004195
0.003141
0.003821
0.003353
0.003173
0.004128
0.003848
0.004229
0.004109
0.005308
0.004974
0.004172
0.003115
0.004917
0.003086
0.002777
0.005378
0.003460
0.003912
0.004395
0.004888
0.004470
0.003563
0.003594
0.004355
0.004897
0.003748
0.004166
0.005157
0.003622
-------------------------------
n = 2000000
0.011562
0.008428
0.012184
0.011481
0.011698
0.009272
0.010825
0.009276
0.013186
0.010205
0.009507
0.009989
0.012109
0.010956
0.011946
0.009582
0.010931
0.012436
0.011565
0.008402
0.011399
0.010310
0.011758
0.013362
0.012977
0.014819
0.010448
0.012546
0.013024
0.009029
-------------------------------
n = 4000000
0.035643
0.028759
0.028055
0.026136
0.025888
0.026535
0.026495
0.029945
0.028814
0.029125
0.027426
0.026087
0.030108
0.026746
0.026514
0.025577
0.028184
0.031545
0.027820
0.029060
0.027490
0.029023
0.027832
0.028244
0.025503
0.031551
0.027359
0.027187
0.031766
0.029821
-------------------------------
