n = 500000
0.002624
0.003039
0.002944
0.002342
0.003246
0.002849
0.002502
0.002129
0.002295
0.001967
0.002387
0.003131
0.002381
0.003224
0.002471
0.002560
0.002705
0.002288
0.002333
0.001866
0.002281
0.002664
0.002231
0.002732
0.002888
0.002590
0.002320
0.003267
0.002834
0.003395
-------------------------------
n = 1000000
0.006173
0.006239
0.008589
0.006122
0.006999
0.006211
0.006591
0.006332
0.007051
0.006826
0.006736
0.007103
0.006921
0.007327
0.007129
0.006578
0.007047
0.007644
0.007158
0.006775
0.007217
0.007787
0.007099
0.006583
0.007723
0.006458
0.007277
0.007449
0.007206
0.006999
-------------------------------
n = 2000000
0.016561
0.017541
0.017014
0.018656
0.019247
0.021836
0.020236
0.014040
0.020000
0.014826
0.016405
0.015118
0.015408
0.015815
0.016487
0.018403
0.014720
0.014941
0.016236
0.015050
0.014686
0.015595
0.016860
0.017902
0.015877
0.015624
0.017323
0.016614
0.016247
0.016255
-------------------------------
n = 4000000
0.031466
0.032169
0.031678
0.040355
0.034102
0.034127
0.034625
0.034318
0.034634
0.047305
0.038873
0.039764
0.037535
0.036803
0.035376
0.035591
0.037912
0.039263
0.038799
0.036797
0.034921
0.030211
0.030257
0.030157
0.030317
0.031003
0.031960
0.030494
0.031177
0.031001
-------------------------------
