n = 500000
0.004387
0.003727
0.003497
0.004393
0.003205
0.003863
0.004944
0.004400
0.003697
0.002596
0.004303
0.003148
0.003373
0.004076
0.002857
0.005286
0.002482
0.004042
0.002452
0.003535
0.003673
0.002705
0.003338
0.004458
0.002615
0.004114
0.002541
0.003951
0.003546
0.003419
-------------------------------
n = 1000000
0.008685
0.009524
0.012046
0.010403
0.007315
0.007947
0.010321
0.007558
0.009417
0.007566
0.008952
0.009356
0.009516
0.007793
0.007906
0.010550
0.006794
0.010148
0.009471
0.009151
0.008912
0.007804
0.009931
0.007408
0.008109
0.009169
0.007381
0.011089
0.006775
0.009764
-------------------------------
n = 2000000
0.020131
0.019690
0.022020
0.029338
0.028227
0.019031
0.018414
0.018111
0.018347
0.027363
0.028776
0.020961
0.020592
0.018796
0.023560
0.019284
0.030035
0.022953
0.016696
0.018017
0.021792
0.021238
0.021391
0.017147
0.019144
0.027136
0.019385
0.017296
0.030322
0.025230
-------------------------------
n = 4000000
0.045511
0.035689
0.051934
0.034208
0.034758
0.038495
0.039219
0.034002
0.039320
0.038826
0.039688
0.035451
0.033967
0.035326
0.036636
0.055980
0.039534
0.034486
0.039539
0.033924
0.038708
0.039494
0.034324
0.035341
0.039301
0.035519
0.045918
0.040808
0.035403
0.035694
-------------------------------
