n = 500000
0.005870
0.002588
0.003670
0.003784
0.003278
0.003287
0.003286
0.003238
0.003756
0.003924
0.003944
0.003001
0.003617
0.003870
0.003945
0.002935
0.003337
0.002720
0.003751
0.004008
0.003946
0.002449
0.002929
0.003010
0.002938
0.004830
0.002890
0.003932
0.002928
0.005210
-------------------------------
n = 1000000
0.009631
0.008277
0.007604
0.007355
0.007011
0.007343
0.006904
0.006903
0.010507
0.007268
0.008185
0.007008
0.010245
0.007130
0.007343
0.009114
0.011291
0.012625
0.009236
0.008568
0.008519
0.012743
0.007647
0.009750
0.009483
0.008846
0.010040
0.007858
0.012536
0.007576
-------------------------------
n = 2000000
0.031486
0.021854
0.020195
0.022287
0.019257
0.030779
0.019194
0.019695
0.024616
0.017345
0.016468
0.017009
0.022959
0.019816
0.029595
0.021528
0.031492
0.029151
0.016884
0.017621
0.032708
0.017284
0.016832
0.017932
0.022451
0.033238
0.019825
0.033138
0.034628
0.023135
-------------------------------
n = 4000000
0.056810
0.046622
0.047375
0.034677
0.033602
0.033110
0.032743
0.033613
0.062145
0.041439
0.035427
0.040871
0.033035
0.033622
0.033212
0.059492
0.062738
0.034869
0.034545
0.035394
0.034099
0.034230
0.035290
0.036029
0.035613
0.035190
0.035632
0.053259
0.034199
0.035178
-------------------------------
