n = 500000
0.003122
0.002808
0.002115
0.001347
0.001413
0.001443
0.002208
0.001711
0.001385
0.001890
0.001279
0.001410
0.001452
0.001216
0.001224
0.001226
0.001235
0.001513
0.001623
0.001338
0.001281
0.001349
0.002713
0.001321
0.001577
0.001197
0.002751
0.001421
0.001250
0.003229
-------------------------------
n = 1000000
0.002756
0.002346
0.002743
0.004818
0.002924
0.003330
0.003366
0.002831
0.003137
0.004120
0.003447
0.002926
0.003558
0.004129
0.002996
0.002890
0.002704
0.002679
0.004627
0.002740
0.002922
0.003207
0.004546
0.003989
0.003251
0.003669
0.002752
0.003122
0.002621
0.002794
-------------------------------
n = 2000000
0.009894
0.008056
0.009716
0.010150
0.008386
0.008721
0.010205
0.009754
0.011202
0.010117
0.010205
0.009338
0.009481
0.009906
0.009081
0.009733
0.006648
0.009886
0.008642
0.008119
0.009499
0.009368
0.008654
0.008863
0.007113
0.009530
0.012298
0.010394
0.009442
0.007847
-------------------------------
n = 4000000
0.027008
0.025631
0.026744
0.027003
0.024092
0.023725
0.023993
0.023970
0.026156
0.024855
0.024702
0.026452
0.023206
0.022404
0.023155
0.022054
0.023956
0.021797
0.022486
0.022214
0.021738
0.023459
0.025817
0.023628
0.024076
0.030218
0.025603
0.025348
0.024060
0.022103
-------------------------------
