n = 500000
0.003997
0.004002
0.004726
0.002392
0.002964
0.003315
0.003498
0.002438
0.003978
0.004608
0.002618
0.003327
0.004252
0.002076
0.002333
0.003204
0.002726
0.002628
0.004238
0.003896
0.003821
0.005065
0.004318
0.004333
0.003592
0.004506
0.002939
0.002562
0.002442
0.004318
-------------------------------
n = 1000000
0.007424
0.007698
0.007679
0.009471
0.011619
0.005937
0.006344
0.009636
0.006616
0.009865
0.006634
0.011773
0.006202
0.009619
0.008774
0.007308
0.010683
0.007746
0.008973
0.011261
0.006259
0.007155
0.008558
0.007583
0.012185
0.008744
0.009411
0.011331
0.007898
0.010569
-------------------------------
n = 2000000
0.017510
0.017525
0.018536
0.020128
0.018056
0.033587
0.021025
0.017548
0.032331
0.020721
0.036926
0.027137
0.018424
0.018795
0.018981
0.021378
0.024496
0.031824
0.020029
0.025920
0.030945
0.033052
0.018018
0.019022
0.020910
0.029926
0.020248
0.025956
0.018918
0.032655
-------------------------------
n = 4000000
0.038044
0.039523
0.041683
0.040536
0.039104
0.070163
0.032282
0.032051
0.034062
0.033414
0.033658
0.034647
0.035125
0.061449
0.034311
0.060050
0.032829
0.032782
0.058618
0.035571
0.033572
0.049937
0.076895
0.088693
0.042386
0.041376
0.038135
0.055261
0.043718
0.042925
-------------------------------
