n = 500000
0.002663
0.002725
0.002392
0.002457
0.002303
0.002612
0.002101
0.002171
0.002021
0.002341
0.002263
0.001845
0.001721
0.002079
0.001787
0.001813
0.002124
0.001878
0.002961
0.002169
0.001992
0.002118
0.002516
0.002148
0.003417
0.002630
0.001962
0.002650
0.002388
0.001676
-------------------------------
n = 1000000
0.004182
0.003978
0.005379
0.005153
0.004734
0.005005
0.004075
0.005593
0.003940
0.003454
0.004559
0.004755
0.004525
0.003297
0.005174
0.004661
0.003726
0.005617
0.005454
0.004574
0.005371
0.003873
0.005323
0.005463
0.004785
0.005925
0.004158
0.005342
0.004649
0.004664
-------------------------------
n = 2000000
0.010963
0.014454
0.011775
0.015978
0.015106
0.010278
0.011239
0.012981
0.012875
0.013030
0.012037
0.011486
0.013687
0.012796
0.010327
0.011088
0.011732
0.011704
0.011792
0.013193
0.012929
0.013046
0.013085
0.013288
0.012383
0.012148
0.012966
0.010902
0.011545
0.010884
-------------------------------
n = 4000000
0.028932
0.028752
0.037945
0.028999
0.030257
0.025605
0.030498
0.033330
0.035433
0.034430
0.033961
0.028107
0.033819
0.029856
0.033461
0.033070
0.031789
0.028549
0.025432
0.028474
0.026402
0.034873
0.027415
0.027480
0.029391
0.027914
0.033105
0.025489
0.031784
0.029142
-------------------------------
