n = 500000
0.004669
0.002471
0.002249
0.002412
0.002389
0.003124
0.003428
0.002310
0.002673
0.002230
0.002842
0.003378
0.003197
0.003320
0.002826
0.002774
0.002817
0.003439
0.002346
0.003262
0.003094
0.002566
0.002232
0.001951
0.002662
0.002301
0.002386
0.002707
0.002510
0.003300
-------------------------------
n = 1000000
0.007711
0.006610
0.007089
0.007239
0.006452
0.006409
0.006701
0.006893
0.005079
0.007463
0.005915
0.007125
0.007834
0.007835
0.007064
0.006048
0.006470
0.007335
0.008189
0.009862
0.010161
0.005762
0.004892
0.006392
0.006883
0.009328
0.008892
0.008701
0.009000
0.008603
-------------------------------
n = 2000000
0.019383
0.017129
0.016192
0.017954
0.019126
0.017993
0.019879
0.015974
0.015855
0.017959
0.019069
0.018400
0.020790
0.016352
0.020234
0.015432
0.020273
0.019700
0.019189
0.019114
0.016943
0.018693
0.019234
0.020298
0.019585
0.019277
0.016957
0.021838
0.018214
0.019808
-------------------------------
n = 4000000
0.033979
0.044036
0.046250
0.041910
0.043511
0.036566
0.038205
0.038060
0.037139
0.038924
0.042075
0.038374
0.034835
0.041452
0.037950
0.035301
0.035611
0.034697
0.034451
0.036666
0.034160
0.032270
0.031380
0.031446
0.031090
0.031186
0.033016
0.039543
0.032572
0.030215
-------------------------------
