n = 500000
0.005606
0.005126
0.004311
0.004941
0.004421
0.004505
0.004143
0.004067
0.005491
0.004530
0.003121
0.004766
0.004163
0.004559
0.004476
0.003179
0.004019
0.003909
0.003966
0.004554
0.004013
0.004077
0.004053
0.005080
0.004858
0.005632
0.004192
0.003632
0.003092
0.005938
-------------------------------
n = 1000000
0.016870
0.012374
0.008146
0.010230
0.013986
0.013892
0.008879
0.015434
0.012270
0.008768
0.008869
0.008475
0.008450
0.011290
0.014045
0.013059
0.012750
0.013173
0.014654
0.011779
0.010020
0.013977
0.010083
0.012524
0.009968
0.014390
0.015297
0.011698
0.008302
0.011299
-------------------------------
n = 2000000
0.035427
0.021310
0.028534
0.035955
0.032510
0.040983
0.024842
0.031151
0.020556
0.022245
0.023320
0.028178
0.021858
0.021394
0.030415
0.026115
0.023769
0.037755
0.034038
0.024511
0.022258
0.020518
0.025074
0.022444
0.023570
0.037924
0.020743
0.021274
0.032418
0.022256
-------------------------------
n = 4000000
0.052615
0.050966
0.057074
0.052079
0.042947
0.045143
0.038593
0.043015
0.053647
0.043663
0.056491
0.044033
0.060005
0.041579
0.056454
0.043306
0.047290
0.052783
0.041071
0.067883
0.044023
0.041564
0.052135
0.045970
0.047235
0.042197
0.042597
0.044866
0.044997
0.074558
-------------------------------
