n = 500000
0.003091
0.002923
0.001842
0.001930
0.001933
0.001969
0.002334
0.002252
0.002248
0.002060
0.001624
0.001823
0.002136
0.002424
0.001960
0.001849
0.001753
0.001547
0.002526
0.002252
0.001864
0.002090
0.003218
0.001687
0.003414
0.002636
0.001880
0.003713
0.001871
0.001905
-------------------------------
n = 1000000
0.005406
0.004347
0.005120
0.005176
0.003900
0.005254
0.004354
0.005230
0.004684
0.004563
0.004069
0.003855
0.005952
0.003997
0.003439
0.005428
0.003653
0.005803
0.005301
0.004178
0.003850
0.003999
0.005016
0.004587
0.004906
0.005470
0.004210
0.005881
0.004045
0.004567
-------------------------------
n = 2000000
0.012835
0.011824
0.013609
0.013734
0.011284
0.010092
0.015411
0.012918
0.014469
0.011087
0.014038
0.013612
0.013448
0.014298
0.013727
0.014679
0.012674
0.016090
0.012820
0.016220
0.011314
0.010794
0.015113
0.009948
0.016191
0.013159
0.014291
0.012222
0.011739
0.013812
-------------------------------
n = 4000000
0.032468
0.036285
0.032831
0.034566
0.040250
0.030355
0.035306
0.042264
0.031083
0.037967
0.034879
0.033751
0.031395
0.036753
0.040846
0.044713
0.041505
0.035777
0.031519
0.033088
0.031114
0.042615
0.039531
0.034137
0.041043
0.034115
0.041545
0.039374
0.034737
0.035047
-------------------------------
