n = 500000
0.001745
0.001639
0.001658
0.001540
0.001387
0.001817
0.002331
0.001769
0.001753
0.002115
0.001691
0.001569
0.001660
0.002126
0.001812
0.001953
0.001622
0.001895
0.001641
0.002139
0.002013
0.002050
0.003262
0.002098
0.001546
0.002770
0.001721
0.001479
0.002725
0.002344
-------------------------------
n = 1000000
0.003612
0.005242
0.004082
0.005027
0.005441
0.002885
0.004053
0.003510
0.005391
0.004019
0.003715
0.004235
0.003355
0.006150
0.005279
0.003023
0.004404
0.003523
0.003604
0.004144
0.003791
0.005558
0.003058
0.004000
0.003227
0.004203
0.003670
0.003630
0.004480
0.003140
-------------------------------
n = 2000000
0.010334
0.009678
0.010666
0.011572
0.014321
0.011497
0.013061
0.013585
0.009135
0.008329
0.010693
0.012005
0.010716
0.009991
0.012214
0.010655
0.010397
0.010128
0.009260
0.010819
0.008882
0.010474
0.010057
0.010731
0.011778
0.010201
0.010796
0.008357
0.009756
0.009958
-------------------------------
n = 4000000
0.031083
0.026695
0.026528
0.025581
0.027341
0.027232
0.032560
0.031084
0.030033
0.027269
0.026040
0.026084
0.027578
0.033680
0.029956
0.028237
0.030015
0.030029
0.026710
0.027961
0.030567
0.032673
0.033089
0.032777
0.031355
0.033066
0.033658
0.029263
0.030684
0.030011
-------------------------------
