n = 500000
0.006502
0.003532
0.003527
0.004038
0.005086
0.003397
0.004010
0.003265
0.003637
0.002533
0.003851
0.002962
0.004107
0.004267
0.003462
0.003762
0.004182
0.005232
0.003998
0.003999
0.004145
0.005593
0.003206
0.005270
0.002918
0.003246
0.003036
0.003866
0.003971
0.003476
-------------------------------
n = 1000000
0.012685
0.009805
0.013603
0.010847
0.010415
0.010333
0.009905
0.008053
0.008909
0.008868
0.007269
0.006830
0.009605
0.014476
0.006567
0.012489
0.008533
0.008934
0.012679
0.008747
0.011288
0.011519
0.009578
0.016249
0.010378
0.010229
0.009517
0.010651
0.015064
0.014728
-------------------------------
n = 2000000
0.019325
0.024005
0.022330
0.020236
0.020319
0.023006
0.033082
0.022691
0.022626
0.022586
0.028586
0.031587
0.022225
0.029787
0.019585
0.020928
0.025061
0.022653
0.022816
0.029237
0.036138
0.035144
0.028648
0.031609
0.020661
0.025232
0.034709
0.020925
0.023197
0.036095
-------------------------------
n = 4000000
0.040024
0.049384
0.049826
0.086570
0.056237
0.085483
0.065381
0.050661
0.052725
0.055345
0.079358
0.057362
0.071997
0.045929
0.042587
0.056230
0.043002
0.039208
0.037715
0.041127
0.041185
0.040150
0.039581
0.037897
0.035930
0.036935
0.083074
0.041643
0.042822
0.049260
-------------------------------
