n = 500000
0.001870
0.002769
0.002811
0.001889
0.002068
0.002778
0.002042
0.002127
0.002064
0.001910
0.002075
0.001828
0.002337
0.002505
0.002337
0.002031
0.002128
0.001987
0.001975
0.001998
0.002091
0.001739
0.002235
0.002058
0.001659
0.002093
0.002421
0.001628
0.002408
0.002771
-------------------------------
n = 1000000
0.003653
0.004335
0.003610
0.005210
0.004170
0.005221
0.005749
0.003696
0.004567
0.004602
0.005757
0.005590
0.003420
0.004942
0.004848
0.004217
0.004947
0.003804
0.004747
0.005411
0.003488
0.005787
0.004481
0.005351
0.003846
0.003651
0.003816
0.003754
0.005005
0.005785
-------------------------------
n = 2000000
0.012853
0.014515
0.011303
0.008829
0.012654
0.011912
0.011735
0.010728
0.012833
0.010912
0.009139
0.013668
0.010576
0.014152
0.013050
0.012757
0.010859
0.014459
0.016310
0.010437
0.012401
0.012248
0.009815
0.014695
0.015035
0.010580
0.013503
0.012371
0.013481
0.010936
-------------------------------
n = 4000000
0.033680
0.036764
0.031621
0.034006
0.035853
0.034366
0.030025
0.027286
0.035130
0.037849
0.036789
0.047751
0.035117
0.040496
0.031759
0.032388
0.029535
0.031013
0.033321
0.034624
0.034392
0.035727
0.041418
0.039547
0.030334
0.039975
0.027130
0.029966
0.033728
0.036970
-------------------------------
