n = 500000
0.004660
0.004986
0.004685
0.004893
0.005484
0.005544
0.004941
0.005514
0.005703
0.005977
0.005414
0.005619
0.005282
0.004966
0.005513
0.006201
0.004956
0.005442
0.006792
0.005194
0.005294
0.005705
0.005082
0.007031
0.005478
0.006523
0.005067
0.005538
0.005614
0.005259
-------------------------------
n = 1000000
0.014566
0.015398
0.013690
0.015087
0.016605
0.015993
0.015892
0.016494
0.015734
0.014450
0.015370
0.014705
0.014398
0.015008
0.014942
0.015670
0.014456
0.016414
0.015997
0.015602
0.015691
0.015995
0.015726
0.015151
0.015242
0.014596
0.014592
0.015344
0.015101
0.014977
-------------------------------
n = 2000000
0.036111
0.038988
0.038533
0.036849
0.039733
0.038946
0.036766
0.039655
0.036557
0.038061
0.039823
0.039284
0.040475
0.039929
0.037322
0.039676
0.035535
0.040030
0.037232
0.038833
0.036781
0.036697
0.037982
0.039511
0.039044
0.038856
0.038560
0.037601
0.039146
0.037671
-------------------------------
n = 4000000
0.075055
0.081329
0.078167
0.087984
0.085484
0.077463
0.073736
0.075764
0.075828
0.076316
0.074151
0.077489
0.074644
0.094834
0.100539
0.100556
0.092694
0.090724
0.096368
0.097893
0.099765
0.103690
0.089193
0.087660
0.083335
0.088783
0.092235
0.092612
0.085637
0.091005
-------------------------------
