n = 500000
0.003125
0.003289
0.004899
0.003217
0.003434
0.004061
0.004164
0.002854
0.003158
0.003338
0.003566
0.003148
0.002986
0.003196
0.005218
0.003177
0.003009
0.003239
0.006153
0.003893
0.003139
0.006051
0.002924
0.003198
0.004218
0.004046
0.003463
0.005819
0.003634
0.003464
-------------------------------
n = 1000000
0.009322
0.012074
0.011816
0.008575
0.013268
0.014279
0.013218
0.011469
0.008289
0.010194
0.012106
0.012231
0.010672
0.008474
0.009232
0.011003
0.012318
0.008124
0.009357
0.012817
0.012395
0.009473
0.009528
0.010060
0.011559
0.008619
0.009067
0.009726
0.010239
0.012428
-------------------------------
n = 2000000
0.027020
0.029207
0.028580
0.028321
0.029843
0.028088
0.028442
0.027809
0.026771
0.027688
0.027232
0.026897
0.027444
0.026194
0.026774
0.028852
0.026078
0.026623
0.028721
0.027399
0.031290
0.030068
0.030198
0.028517
0.028079
0.027428
0.030375
0.030205
0.029891
0.030580
-------------------------------
n = 4000000
0.062729
0.062002
0.058571
0.059365
0.059616
0.061905
0.060397
0.062329
0.058746
0.061651
0.058881
0.061964
0.058518
0.062014
0.058995
0.061367
0.059062
0.061221
0.065979
0.062156
0.059648
0.058922
0.058863
0.061759
0.064757
0.058779
0.063639
0.059418
0.059149
0.061332
-------------------------------
n = 1000000000
