n = 500000
0.007865
0.004283
0.006622
0.008470
0.005703
0.004356
0.006300
0.005013
0.006248
0.006818
0.005642
0.006171
0.006149
0.006806
0.006282
0.006650
0.004912
0.006280
0.004374
0.006359
0.007072
0.005011
0.004137
0.006766
0.006237
0.005028
0.005933
0.004171
0.005996
0.004478
-------------------------------
n = 1000000
0.014011
0.018058
0.016544
0.019137
0.012996
0.013892
0.015508
0.018338
0.015902
0.016092
0.016329
0.013815
0.016071
0.017626
0.015032
0.020591
0.011869
0.013029
0.020990
0.014506
0.014500
0.015460
0.013106
0.014407
0.020577
0.022739
0.019077
0.018134
0.012927
0.012663
-------------------------------
n = 2000000
0.054466
0.036326
0.037862
0.035109
0.036684
0.046104
0.032869
0.036130
0.031580
0.036893
0.042967
0.036568
0.040517
0.043521
0.037703
0.035076
0.045662
0.039599
0.032358
0.036155
0.032383
0.038003
0.037035
0.046218
0.049711
0.042200
0.042609
0.041032
0.046784
0.035759
-------------------------------
n = 4000000
0.094609
0.093988
0.080590
0.063930
0.078972
0.068871
0.070942
0.061603
0.064314
0.079032
0.068545
0.085203
0.074239
0.103045
0.080362
0.107614
0.088571
0.092933
0.071486
0.074524
0.071883
0.072379
0.091821
0.074252
0.062469
0.098901
0.079986
0.077311
0.061117
0.074756
-------------------------------
