n = 500000
0.003670
0.004222
0.003765
0.004054
0.005942
0.004724
0.003225
0.004579
0.004927
0.004716
0.003723
0.003886
0.006595
0.004754
0.003414
0.004512
0.004470
0.004413
0.005359
0.003209
0.005323
0.005446
0.005078
0.006609
0.005560
0.003503
0.005467
0.004319
0.005147
0.004837
-------------------------------
n = 1000000
0.011472
0.010969
0.011765
0.014420
0.010846
0.012414
0.010857
0.011235
0.011947
0.010819
0.014246
0.016151
0.011903
0.013378
0.011042
0.012991
0.010937
0.016549
0.012111
0.014558
0.013310
0.013022
0.017730
0.013708
0.011615
0.015660
0.012328
0.010393
0.010869
0.011196
-------------------------------
n = 2000000
0.030349
0.034418
0.031995
0.038111
0.028984
0.037189
0.029099
0.029678
0.028216
0.027636
0.030243
0.032129
0.035425
0.027566
0.033799
0.031110
0.031251
0.034518
0.027766
0.031794
0.028900
0.031237
0.028481
0.032091
0.032538
0.031551
0.036296
0.028324
0.028047
0.028007
-------------------------------
n = 4000000
0.065840
0.056288
0.054522
0.070642
0.057903
0.065470
0.061252
0.055638
0.054983
0.069150
0.066996
0.055707
0.053128
0.052901
0.051616
0.052207
0.053648
0.073983
0.054726
0.055154
0.054041
0.054701
0.053983
0.054578
0.054165
0.073780
0.056055
0.059347
0.078372
0.054644
-------------------------------
