n = 500000
0.003814
0.003706
0.004090
0.003926
0.006196
0.005076
0.003861
0.003781
0.007586
0.004627
0.003902
0.003958
0.007007
0.005029
0.004623
0.003772
0.003859
0.005537
0.006136
0.004022
0.003830
0.006081
0.005424
0.004668
0.004715
0.006631
0.005748
0.006761
0.004416
0.003461
-------------------------------
n = 1000000
0.010494
0.012289
0.010412
0.009280
0.011932
0.015024
0.015395
0.015294
0.012488
0.010605
0.010597
0.010610
0.010957
0.012108
0.011617
0.018328
0.011601
0.012621
0.015377
0.015295
0.012961
0.014412
0.011449
0.016582
0.015276
0.009784
0.013392
0.014948
0.011874
0.010448
-------------------------------
n = 2000000
0.031306
0.030129
0.042052
0.034458
0.028463
0.025502
0.026927
0.032850
0.025008
0.027170
0.027948
0.037365
0.027067
0.032758
0.035916
0.026322
0.029926
0.027801
0.027468
0.035362
0.026656
0.031794
0.027621
0.027877
0.027352
0.026815
0.027113
0.027745
0.028753
0.026632
-------------------------------
n = 4000000
0.082508
0.079571
0.071071
0.049689
0.056274
0.084947
0.069289
0.050288
0.051139
0.050820
0.050040
0.049468
0.049901
0.051463
0.088865
0.068004
0.055053
0.069084
0.050869
0.069525
0.077850
0.055107
0.054714
0.053132
0.052402
0.053257
0.052921
0.077571
0.056461
0.065373
-------------------------------
