n = 500000
0.007140
0.005920
0.005351
0.005789
0.006142
0.004110
0.004883
0.004019
0.004957
0.004322
0.006633
0.005056
0.006756
0.004062
0.007075
0.005721
0.004494
0.007072
0.005605
0.004652
0.003830
0.007144
0.007253
0.004158
0.006487
0.003965
0.005295
0.003994
0.005829
0.003833
-------------------------------
n = 1000000
0.015702
0.011935
0.012574
0.017642
0.015475
0.016982
0.010477
0.017433
0.015610
0.015311
0.012688
0.010991
0.019354
0.018483
0.017915
0.010315
0.013890
0.017021
0.013896
0.011707
0.013096
0.013335
0.014482
0.014435
0.012991
0.015208
0.016299
0.015508
0.014542
0.011736
-------------------------------
n = 2000000
0.037612
0.030039
0.031079
0.032387
0.040396
0.037155
0.043322
0.028361
0.032389
0.034894
0.029781
0.031084
0.043115
0.043892
0.037375
0.040049
0.040611
0.034840
0.031228
0.035654
0.034906
0.033071
0.034639
0.034620
0.032219
0.029594
0.034184
0.031542
0.045718
0.029928
-------------------------------
n = 4000000
0.077732
0.097426
0.079456
0.096116
0.058046
0.055262
0.086570
0.070658
0.075483
0.103440
0.079331
0.056677
0.062336
0.066501
0.056997
0.084086
0.060853
0.097265
0.101998
0.061311
0.093071
0.068415
0.090053
0.090290
0.059007
0.069171
0.090842
0.069671
0.074279
0.087364
-------------------------------
