n = 500000
0.006772
0.005201
0.003723
0.003581
0.003935
0.006344
0.004531
0.007070
0.003338
0.005597
0.005728
0.003546
0.005065
0.005204
0.003825
0.006417
0.003806
0.004912
0.004889
0.005585
0.005886
0.003880
0.004449
0.004876
0.003999
0.004763
0.003458
0.006339
0.004831
0.005301
-------------------------------
n = 1000000
0.012973
0.009912
0.015176
0.013736
0.013421
0.009359
0.013371
0.014676
0.012785
0.015259
0.015493
0.011080
0.010229
0.011888
0.010937
0.016509
0.014404
0.014441
0.015112
0.012663
0.010916
0.014032
0.009681
0.017930
0.010738
0.015202
0.015433
0.010951
0.015523
0.012863
-------------------------------
n = 2000000
0.027173
0.028737
0.035158
0.035832
0.027337
0.027365
0.026853
0.030917
0.026892
0.027779
0.027741
0.026587
0.028232
0.024556
0.026733
0.027053
0.027834
0.027196
0.037418
0.026725
0.036039
0.027780
0.029056
0.026093
0.026963
0.036063
0.025762
0.027537
0.026699
0.025793
-------------------------------
n = 4000000
0.055147
0.052438
0.070629
0.050628
0.053845
0.052452
0.053102
0.051279
0.071999
0.051493
0.052898
0.051839
0.051137
0.059463
0.051920
0.072568
0.051809
0.052823
0.052634
0.052862
0.052752
0.058546
0.053062
0.054675
0.052594
0.051754
0.071686
0.053435
0.052403
0.051693
-------------------------------
