n = 500000
0.005276
0.003935
0.004503
0.003156
0.003318
0.004707
0.004641
0.003675
0.003612
0.003202
0.003067
0.004080
0.003550
0.003085
0.003808
0.003928
0.003037
0.003245
0.004809
0.003387
0.003633
0.004195
0.003222
0.003918
0.003750
0.003272
0.005068
0.003123
0.003675
0.004291
-------------------------------
n = 1000000
0.009189
0.011224
0.009605
0.009783
0.011633
0.012447
0.008901
0.009250
0.011366
0.012221
0.009873
0.009111
0.010772
0.012520
0.008714
0.009532
0.011238
0.012634
0.012815
0.011938
0.009808
0.010244
0.011844
0.012166
0.009134
0.012031
0.015440
0.012874
0.013117
0.011512
-------------------------------
n = 2000000
0.028858
0.029140
0.027650
0.028243
0.029558
0.030514
0.029303
0.029471
0.028310
0.028586
0.028990
0.029099
0.029677
0.029290
0.025877
0.026416
0.027698
0.027953
0.028958
0.031284
0.028334
0.027113
0.028469
0.028472
0.029713
0.030045
0.030634
0.027797
0.029946
0.027682
-------------------------------
n = 4000000
0.063642
0.064893
0.058772
0.060773
0.059488
0.060222
0.057919
0.058538
0.062693
0.059443
0.061915
0.058389
0.061225
0.059125
0.062730
0.061508
0.059512
0.058639
0.058524
0.059109
0.059293
0.059888
0.061921
0.059681
0.061913
0.059764
0.061148
0.060944
0.061324
0.059385
-------------------------------
