n = 500000
0.006468
0.006074
0.005937
0.006195
0.005938
0.006782
0.005510
0.005049
0.006836
0.006213
0.005244
0.007862
0.005606
0.004746
0.007353
0.006538
0.005359
0.005391
0.006437
0.004801
-------------------------------
n = 1000000
0.014304
0.018402
0.014887
0.015658
0.015277
0.015088
0.014265
0.013808
0.015239
0.013824
0.012259
0.013985
0.014756
0.012147
0.016153
0.013459
0.017672
0.018159
0.016782
0.019561
-------------------------------
n = 2000000
0.081171
0.078262
0.064610
0.061098
0.066235
0.053751
0.063234
0.058039
0.063038
0.049868
0.064092
0.053403
0.070598
0.060953
0.060873
0.060806
0.065644
0.059270
0.058064
0.057958
-------------------------------
n = 4000000
0.200044
0.155133
0.159225
0.176402
0.148787
0.150437
0.136365
0.163151
0.183831
0.153578
0.213865
0.172344
0.176362
0.150568
0.123037
0.160388
0.176971
0.147115
0.220330
0.186568
-------------------------------
n = 1000000000
60.437175
57.023942
71.211265
