n = 500000
0.021083
0.021132
0.021020
0.017855
0.011984
0.007345
0.006842
0.006241
0.005625
0.006044
0.005005
0.005358
0.005683
0.005734
0.005651
0.005244
0.005104
0.005491
0.005592
0.005804
-------------------------------
n = 1000000
0.014147
0.013984
0.013686
0.014365
0.013512
0.017410
0.014105
0.013435
0.017492
0.016897
0.013215
0.017470
0.013604
0.012989
0.016470
0.013802
0.014835
0.016294
0.018350
0.016948
-------------------------------
n = 2000000
0.037005
0.037583
0.037339
0.039868
0.038084
0.039344
0.040517
0.037162
0.036377
0.038364
0.041341
0.038247
0.040209
0.039810
0.037763
0.037340
0.037482
0.037862
0.040165
0.038912
-------------------------------
n = 4000000
0.084887
0.085466
0.091121
0.082572
0.085328
0.084341
0.082354
0.082192
0.080143
0.080964
0.083754
0.080443
0.085599
0.081341
0.085655
0.080727
0.079161
0.079959
0.084362
0.084718
-------------------------------
