n = 500000
0.005213
0.005535
0.007104
0.004705
0.005700
0.005440
0.005404
0.005916
0.004954
0.005286
0.005399
0.005684
0.005473
0.005927
0.006129
0.005380
0.005853
0.006185
0.006122
0.005020
-------------------------------
n = 1000000
0.016111
0.013467
0.015628
0.014547
0.014657
0.013405
0.014353
0.012849
0.014522
0.013150
0.017282
0.012938
0.016683
0.013593
0.016157
0.013227
0.016782
0.013670
0.014606
0.014289
-------------------------------
n = 2000000
0.039480
0.040248
0.039501
0.036056
0.039752
0.041374
0.035648
0.036234
0.034225
0.037008
0.035627
0.038208
0.036621
0.033321
0.032283
0.035067
0.036121
0.035269
0.032833
0.035648
-------------------------------
n = 4000000
0.076931
0.076042
0.076250
0.074319
0.077331
0.073926
0.073991
0.084295
0.076458
0.073649
0.075435
0.073140
0.075911
0.074426
0.076261
0.075593
0.076596
0.076865
0.076914
0.075121
-------------------------------
